00000000000000000000000001111000
00000000000000000000000000001010
00000000000000000000000000000000
11111111111100101111111111111111
00000000000000000000000000000100
11111111111111111111111111111111
00000000000000000000000000001000
00000000000000000000000000000001
00000000000000000000000000001100
00000000000000000000000000000010
00000000000000000000000000010000
00001000000001000000001000000001
00000000000000000000000000010100
00000000000000000000000000000000
00000000000000000000000000011000
00010000000010000000010000000010
00000000000000000000000000011100
00000000000000000000000000000000
00000000000000000000000000100000
00100000000100000000100000000100
00000000000000000000000000100100
00000000000000000000000000000000
00000000000000000000000000101000
01000000001000000001000000001000
00000000000000000000000000101100
00000000000000000000000000000000
00000000000000000000000000110000
10000000010000000010000000010000
00000000000000000000000000110100
00000000000000000000000000000000
00000000000000000000000000111000
00000000100000000100000000100000
00000000000000000000000000111100
00000000000000000000000000000001
00000000000000000000000001000000
00000001000000001000000001000000
00000000000000000000000001000100
00000000000000000000000000000010
00000000000000000000000001001000
00000010000000010000000010000000
00000000000000000000000001001100
00000000000000000000000000000100
00000000000000000000000001010000
00000100000000100000000100000000
00000000000000000000000001010100
00000000000000000000000000001000
00000000000000000000000001011000
00000000000000000000000111111111
00000000000000000000000001011100
00000000000000000000000000000000
00000000000000000000000001100000
00000000000000111111111000000000
00000000000000000000000001100100
00000000000000000000000000000000
00000000000000000000000001101000
00000111111111000000000000000000
00000000000000000000000001101100
00000000000000000000000000000000
00000000000000000000000001110000
11111000000000000000000000000000
00000000000000000000000001110100
00000000000000000000000000001111
00000000000000000000000001111000
00000000000000000000000000001011
