11111111111100101111111111111111
11111111111111111111111111111111
00000000000000000000000000000001
00000000000000000000000000000010
0000000000000000000000000000000000000001
0000000000000000000000000000000000000010
0000000000000000000000000000000000000100
0000000000000000000000000000000000001000
0000000000000000000000000000000000010000
0000000000000000000000000000000000100000
0000000000000000000000000000000001000000
0000000000000000000000000000000010000000
0000000000000000000000000000000100000000
0000000000000000000000000000001000000000
0000000000000000000000000000010000000000
0000000000000000000000000000100000000000
0000000000000000000000000001000000000000
00000000000000000000000000000000