00000000000000000000000000001010
11111111111101001111111111111111
11111111111111111111111111111111
00000000000000000000000000000001
00000000000000000000000000000010
0000100000000100000000100000000100000000
0000010000000010000000010000000010000000
0000001000000001000000001000000001000000
0000000100000000100000000100000000100000
0000000010000000010000000010000000010000
0000000001000000001000000001000000001000
0000000000100000000100000000100000000100
0000000000010000000010000000010000000010
0000000000001000000001000000001000000001
0000000000000000000000000000000111111111
0000000000000000000000111111111000000000
0000000000000111111111000000000000000000
0000111111111000000000000000000000000000
00000000000000000000000000001011