00000000000000000000000000000001
11111111111100101111111111111111
00000000000000000000000000000101
11100011111111111111111111111111
00000000000000000000000000001001
00000000000000000000000000000001
00000000000000000000000000001101
00000000000000000000000000000010
00000000000000000000000000010001
00001000000001000000001000000001
00000000000000000000000000010101
00000000000000000000000000000000
00000000000000000000000000011001
00010000000010000000010000000010
00000000000000000000000000011101
00000000000000000000000000000000
00000000000000000000000000100001
00100000000100000000100000000100
00000000000000000000000000100101
00000000000000000000000000000000
00000000000000000000000000101001
01000000001000000001000000001000
00000000000000000000000000101101
00000000000000000000000000000000
00000000000000000000000000110001
10000000010000000010000000010000
00000000000000000000000000110101
00000000000000000000000000000000
00000000000000000000000000111001
00000000100000000100000000100000
00000000000000000000000000111101
00000000000000000000000000000001
00000000000000000000000001000001
00000001000000001000000001000000
00000000000000000000000001000101
00000000000000000000000000000010
00000000000000000000000001001001
00000010000000010000000010000000
00000000000000000000000001001101
00000000000000000000000000000100
00000000000000000000000001010001
00000100000000100000000100000000
00000000000000000000000001010101
00000000000000000000000000001000
00000000000000000000000001011001
00000000000000000000000111111111
00000000000000000000000001011101
00000000000000000000000000000000
00000000000000000000000001100001
00000000000000111111111000000000
00000000000000000000000001100101
00000000000000000000000000000000
00000000000000000000000001101001
00000111111111000000000000000000
00000000000000000000000001101101
00000000000000000000000000000000
00000000000000000000000001110001
11111000000000000000000000000000
00000000000000000000000001110101
00000000000000000000000000001111
00000000000000000000000001111001
00000000000000000000000000000101
