0001000010000
0001000010000
0001000010000
0001000010000
0001000010000
0001000010000
0001000010000
0001000010000
0001000010000
0001000010000
0001000010000
0001000010000
0001000110000
0001000110000
0001000100000
0001000100000
0001000100000
0001000100000
0001000100000
0001000100000
0001000100000
0001000100000
0001000100000
0001000100000
0001000100000
0001000100000
0001000100000
0001000100000
0001000100000
0001000100000
0001000100000
0001000100000
0001001100000
0001001100000
0001001000000
0001001000000
0001001000000
0001001000000
0001001000000
0001001000000
0001001000000
0001001000000
0001001000000
0001001000000
0001001000000
0001001000000
0001001000000
0001001000000
0001001000000
0001001000000
0001001000000
0001001000000
0001011000000
0001011000000
0001010000000
0001010000000
0001010000000
0001010000000
0001010000000
0001010000000
0001010000000
0001010000000
0001010000000
0001010000000
0001010000000
0001010000000
0001010000000
0001010000000
0001010000000
0001010000000
0001010000000
0001010000000
0001110000000
0001110000000
0001100000000
0001100000000
0001100000000
0001100000000
0001100000000
0001100000000
0001100000000
0001100000000
0001100000000
0001100000000
0001100000000
0001100000000
0001100000000
0001100000000
0001100000000
0001100000000
0001100000000
0001100000000
0011100000001
0011100000001
0010000000001
0010000000001
0010000000001
0010000000001
0010000000001
0010000000001
0010000000001
0010000000001
0010000000001
0010000000001
0010000000001
0010000000001
0010000000001
0010000000001
0010000000001
0010000000001
0010000000001
0010000000001
0011000000001
0011000000001
0001000000001
0001000000001
0001000000001
0001000000001
0001000000001
0001000000001
0001000000001
0001000000001
0001000000001
0001000000001
0001000000001
0001000000001
0001000000001
0001000000001
0001000000001
0001000000001
0001000000001
0001000000001
0001000000011
0001000000011
0001000000010
0001000000010
0001000000010
0001000000010
0001000000010
0001000000010
0001000000010
0001000000010
0001000000010
0001000000010
0001000000010
0001000000010
0001000000010
0001000000010
0001000000010
0001000000010
0001000000010
0001000000010
0001000000110
0001000000110
0001000000100
0001000000100
0001000000100
0001000000100
0001000000100
0001000000100
0001000000100
0001000000100
0001000000100
0001000000100
0001000000100
0001000000100
0001000000100
0001000000100
0001000000100
0001000000100
0001000000100
0001000000100
0001000001100
0001000001100
0001000001000
0001000001000
0001000001000
0001000001000
0001000001000
0001000001000
0001000001000
0001000001000
0001000001000
0001000001000
0001000001000
0001000001000
0001000001000
0001000001000
0001000001000
0001000001000
0001000001000
0001000001000
0001000011000
0001000011000
0001000010000
0001000010000
0001000010000
0001000010000
0001000010000
0001000010000
0001000010000
0001000010000
0001000010000
0001000010000
0001000010000
0001000010000
0001000010000
0001000010000
0001000010000
0001000010000
0001000010000
0001000010000
0001000110000
0001000110000
0001000100000
0001000100000
0001000100000
0001000100000
0001000100000
0001000100000
0001000100000
0001000100000
0001000100000
0001000100000
0001000100000
0001000100000
0001000100000
0001000100000
0001000100000
0001000100000
0001000100000
0001000100000
0001001100000
0001001100000
0001001000000
0001001000000
0001001000000
0001001000000
0001001000000
0001001000000
0001001000000
0001001000000
0001001000000
0001001000000
0001001000000
0001001000000
0001001000000
0001001000000
0001001000000
0001001000000
0001001000000
0001001000000
0001011000000
0001011000000
0001010000000
0001010000000
0001010000000
0001010000000
0001010000000
0001010000000
0001010000000
0001010000000
0001010000000
0001010000000
0001010000000
0001010000000
0001010000000
0001010000000
0001010000000
0001010000000
0001010000000
0001010000000
0001110000000
0001110000000
0001100000000
0001100000000
0001100000000
0001100000000
0001100000000
0001100000000
0001100000000
0001100000000
0001100000000
0001100000000
0001100000000
0001100000000
0001100000000
0001100000000
0001100000000
0001100000000
0001100000000
0001100000000
0011100000001
0011100000001
0010000000001
0010000000001
0010000000001
0010000000001
0010000000001
0010000000001
0010000000001
0010000000001
0010000000001
0010000000001
0010000000001
0010000000001
0010000000001
0010000000001
0010000000001
0010000000001
0010000000001
0010000000001
0011000000001
0011000000001
0001000000001
0001000000001
0001000000001
0001000000001
0001000000001
0001000000001
0001000000001
0001000000001
0001000000001
0001000000001
0001000000001
0001000000001
0001000000001
0001000000001
0001000000001
0001000000001
0001000000001
0001000000001
0001000000011
0001000000011
0001000000010
0001000000010
0001000000010
0001000000010
0001000000010
0001000000010
0001000000010
0001000000010
0001000000010
0001000000010
0001000000010
0001000000010
0001000000010
0001000000010
0001000000010
0001000000010
0001000000010
0001000000010
0001000000110
0001000000110
0001000000100
0001000000100
0001000000100
0001000000100
0001000000100
0001000000100
0001000000100
0001000000100
0001000000100
0001000000100
0001000000100
0001000000100
0001000000100
0001000000100
0001000000100
0001000000100
0001000000100
0001000000100
0001000001100
0001000001100
0001000001000
0001000001000
0001000001000
0001000001000
0001000001000
0001000001000
0001000001000
0001000001000
0001000001000
0001000001000
0001000001000
0001000001000
0001000001000
0001000001000
0001000001000
0001000001000
0001000001000
0001000001000
0001000011000
0001000011000
0001000010000
0001000010000
0001000010000
0001000010000
0001000010000
0001000010000
0001000010000
0001000010000
0001000010000
0001000010000
0001000010000
0001000010000
0001000010000
0001000010000
0001000010000
0001000010000
0001000010000
0001000010000
0001000110000
0001000110000
0001000100000
0001000100000
0001000100000
0001000100000
0001000100000
0001000100000
0001000100000
0001000100000
0001000100000
0001000100000
0001000100000
0001000100000
0001000100000
0001000100000
0001000100000
0001000100000
0001000100000
0001000100000
0001001100000
0001001100000
0001001000000
0001001000000
0001001000000
0001001000000
0001001000000
0001001000000
0001001000000
0001001000000
0001001000000
0001001000000
0001001000000
0001001000000
0001001000000
0001001000000
0001001000000
0001001000000
0001001000000
0001001000000
0001011000000
0001011000000
0001010000000
0001010000000
0001010000000
0001010000000
0001010000000
0001010000000
0001010000000
0001010000000
0001010000000
0001010000000
0001010000000
0001010000000
0001010000000
0001010000000
0001010000000
0001010000000
0001010000000
0001010000000
0001110000000
0001110000000
0001100000000
0001100000000
0001100000000
0001100000000
0001100000000
0001100000000
0001100000000
0001100000000
0001100000000
0001100000000
0001100000000
0001100000000
0001100000000
0001100000000
0001100000000
0001100000000
0001100000000
0001100000000
0011100000001
0011100000001
0010000000001
0010000000001
0010000000001
0010000000001
0010000000001
0010000000001
0010000000001
0010000000001
0010000000001
0010000000001
0010000000001
0010000000001
0010000000001
0010000000001
0010000000001
0010000000001
0010000000001
1000010000000
