4104
21760
4104
21760
4104
21760
4104
21760
4104
21760
4104
21760
4104
21760
4104
21760
4104
21760
4104
21760
4104
21760
4104
21760
4104
21760
4104
21760
4104
21760
4120
21760
4120
21760
4112
21760
4112
21760
4112
21760
4112
21760
4112
21760
4112
21760
4112
21760
4112
21760
4112
21760
4112
21760
4112
21760
4112
21760
4112
21760
4112
21760
4112
21760
4112
21760
4112
21760
4112
21760
4144
21760
4144
21760
4128
21760
4128
21760
4128
21760
4128
21760
4128
21760
4128
21760
4128
21760
4128
21760
4128
21760
4128
21760
4128
21760
4128
21760
4128
21760
4128
21760
4128
21760
4128
21760
4128
21760
4128
21760
4192
21760
4192
21760
4160
21760
4160
21760
4160
21760
4160
21760
4160
21760
4160
21760
4160
21760
4160
21760
4160
21760
4160
21760
4160
21760
4160
21760
4160
21760
4160
21760
4160
21760
4160
21760
4160
21760
4160
21760
4288
21760
4288
21760
4224
21760
4224
21760
4224
21760
4224
21760
4224
21760
4224
21760
4224
21760
4224
21760
4224
21760
4224
21760
4224
21760
4224
21760
4224
21760
4224
21760
4224
21760
4224
21760
4224
21760
4224
21760
4480
21760
4480
21760
4352
21760
4352
21760
4352
21760
4352
21760
4352
21760
4352
21760
4352
21760
4352
21760
4352
21760
4352
21760
4352
21760
4352
21760
4352
21760
4352
21760
4352
21760
4352
21760
4352
21760
4352
21760
4352
21760
4352
21760
0
21760
0
21760
0
21760
0
21760
0
21760
0
21760
0
21760
0
21760
0
21760
0
21760
0
21760
0
21760
0
21760
0
21760
0
21760
0
21760
0
21760
0
21760
0
21760
0
21760
0
21760
0
21760
0
21760
0
21760
0
21760
0
21760
0
21760
0
21760
0
21760
0
21760
0
21760
0
21760
0
21760
0
21760
0
21760
0
21760
0
21760
0
21760
0
21760
0
21760
0
21760
0
21760
0
21760
0
21760
0
21760
0
21760
0
21760
0
21760
0
21760
0
21760
0
21760
0
21760
0
21760
0
21760
0
21760
0
21760
0
21760
0
21760
0
21760
0
21760
0
21760
0
21760
0
21760
0
21760
0
21760
0
21760
0
21760
0
21760
0
21760
0
21760
0
21760
0
21760
0
21760
0
21760
0
21760
0
21760
0
21760
0
21760
513
21760
513
21760
513
21760
513
21760
513
21760
513
21760
513
21760
513
21760
513
21760
513
21760
513
21760
513
21760
513
21760
513
21760
513
21760
513
21760
513
21760
513
21760
513
21760
513
21760
515
21760
515
21760
514
21760
514
21760
514
21760
514
21760
514
21760
514
21760
514
21760
514
21760
514
21760
514
21760
514
21760
514
21760
514
21760
514
21760
514
21760
514
21760
514
21760
514
21760
518
21760
518
21760
516
21760
516
21760
516
21760
516
21760
516
21760
516
21760
516
21760
516
21760
516
21760
516
21760
516
21760
516
21760
516
21760
516
21760
516
21760
516
21760
516
21760
516
21760
524
21760
524
21760
520
21760
520
21760
520
21760
520
21760
520
21760
520
21760
520
21760
520
21760
520
21760
520
21760
520
21760
520
21760
520
21760
520
21760
520
21760
520
21760
520
21760
520
21760
536
21760
536
21760
528
21760
528
21760
528
21760
528
21760
528
21760
528
21760
528
21760
528
21760
528
21760
528
21760
528
21760
528
21760
528
21760
528
21760
528
21760
528
21760
528
21760
528
21760
560
21760
560
21760
544
21760
544
21760
544
21760
544
21760
544
21760
544
21760
544
21760
544
21760
544
21760
544
21760
544
21760
544
21760
544
21760
544
21760
544
21760
544
21760
544
21760
544
21760
608
21760
608
21760
576
21760
576
21760
576
21760
576
21760
576
21760
576
21760
576
21760
576
21760
576
21760
576
21760
576
21760
576
21760
576
21760
576
21760
576
21760
576
21760
576
21760
576
21760
704
21760
704
21760
640
21760
640
21760
640
21760
640
21760
640
21760
640
21760
640
21760
640
21760
640
21760
640
21760
640
21760
640
21760
640
21760
640
21760
640
21760
640
21760
640
21760
640
21760
896
21760
896
21760
768
21760
768
21760
768
21760
768
21760
768
21760
768
21760
768
21760
768
21760
768
21760
768
21760
768
21760
768
21760
768
21760
768
21760
768
21760
768
21760
768
21760
768
21760
1793
21760
1793
21760
1025
21760
1025
21760
1025
21760
1025
21760
1025
21760
1025
21760
1025
21760
1025
21760
1025
21760
1025
21760
1025
21760
1025
21760
1025
21760
1025
21760
1025
21760
1025
21760
1025
21760
1025
21760
1027
21760
1027
21760
1026
21760
1026
21760
1026
21760
1026
21760
1026
21760
1026
21760
1026
21760
1026
21760
1026
21760
1026
21760
1026
21760
1026
21760
1026
21760
1026
21760
1026
21760
1026
21760
1026
21760
1026
21760
1030
21760
1030
21760
1028
21760
1028
21760
1028
21760
1028
21760
1028
21760
1028
21760
1028
21760
1028
21760
1028
21760
1028
21760
1028
21760
1028
21760
1028
21760
1028
21760
1028
21760
1028
21760
1028
21760
1028
21760
1036
21760
1036
21760
1032
21760
1032
21760
1032
21760
1032
21760
1032
21760
1032
21760
1032
21760
1032
21760
1032
21760
1032
21760
1032
21760
1032
21760
1032
21760
1032
21760
1032
21760
1032
21760
1032
21760
1032
21760
1048
21760
1048
21760
1040
21760
1040
21760
1040
21760
1040
21760
1040
21760
1040
21760
1040
21760
1040
21760
1040
21760
1040
21760
1040
21760
1040
21760
1040
21760
1040
21760
1040
21760
1040
21760
1040
21760
1040
21760
1072
21760
1072
21760
1056
21760
1056
21760
1056
21760
1056
21760
1056
21760
1056
21760
1056
21760
1056
21760
1056
21760
1056
21760
1056
21760
1056
21760
1056
21760
1056
21760
1056
21760
1056
21760
1056
21760
1056
21760
1120
21760
1120
21760
1088
21760
1088
21760
1088
21760
1088
21760
1088
21760
1088
21760
1088
21760
1088
21760
1088
21760
1088
21760
1088
21760
1088
21760
1088
21760
1088
21760
1088
21760
