00000000000000000000000000000000
00000000000000000000000000000000
00000000000000000000000000000000
00000000000000000000000000000000
00000000000000000000000000000000
00000000000000000000000000000000
00000000000000000000000000000000
00000000000000000000000000000000
00000000000000000000000000000000
00000000000000000000000000000000
00000000000000000000000000000000
00000000000000000000000000000000
00000000000000000000000000000000
00000000000000000000000000000000
00000000000000000000000000000000
00000000000000000000000000000000
00000000000000000000000000000000
00000000000000000000000000000000
00000000000000000000000000000000
00000000000000000000000000000000
00000000000000000000000000000000
00000000000000000000000000000000
00000000000000000000000000000000
00000000000000000000000000000000
00000000000000000000000000000000
00000000000000000000000000000000
00000000000000000000000000000000
00000000000000000000000000000000
00000000000000000000000000000000
00000000000000000000000000000000
00000000000000000000000000000000
00000000000000000000000000000000
00000000000000000000000000000000
00000000000000000000000000000000
00000000000000000000000000000000
00000000000000000000000000000000
00000000000000000000000000000000
00000000000000000000000000000000
00000000000000000000000000000000
00000000000000000000000000000000
00000000000000000000000000000000
00000000000000000000000000000000
00000000000000000000000000000000
00000000000000000000000000000000
00000000000000000000000000000000
00000000000000000000000000000000
00000000000000000000000000000000
00000000000000000000000000000000
00000000000000000000000000000000
00000000000000000000000000000000
00000000000000000000000000000000
00000000000000000000000000000000
00000000000000000000000000000000
00000000000000000000000000000000
00000000000000000000000000000000
00000000000000000000000000000000
00000000000000000000001000000001
00000000000000000000000000000000
00000000000000000000001000000001
00000000000000000000000000000000
00000000000000000000001000000001
00000000000000000000000000000000
00000000000000000000001000000001
00000000000000000000000000000000
00000000000000000000001000000001
00000000000000000000000000000000
00000000000000000000001000000001
00000000000000000000000000000000
00000000000000000000001000000001
00000000000000000000000000000000
00000000000000000000001000000001
00000000000000000000000000000000
00000000000000000000001000000001
00000000000000000000000000000000
00000000000000000000001000000001
00000000000000000000000000000000
00000000000000000000001000000001
00000000000000000000000000000000
00000000000000000000001000000001
00000000000000000000000000000000
00000000000000000000001000000001
00000000000000000000000000000000
00000000000000000000001000000001
00000000000000000000000000000000
00000000000000000000001000000000
00000000000000000000000000000000
00000000000000000000001000000000
00000000000000000000000000000000
00000000000000000000001000000000
00000000000000000000000000000000
00000000000000000000001000000000
00000000000000000000000000000000
00000000000000000000001000000000
00000000000000000000000000000000
00000000000000000000001000000000
00000000000000000000000000000000
00000000000000000000001000000010
00000000000000000000000000000000
00000000000000000000001000000010
00000000000000000000000000000000
00000000000000000000001000000010
00000000000000000000000000000000
00000000000000000000001000000010
00000000000000000000000000000000
00000000000000000000001000000010
00000000000000000000000000000000
00000000000000000000001000000010
00000000000000000000000000000000
00000000000000000000001000000010
00000000000000000000000000000000
00000000000000000000001000000010
00000000000000000000000000000000
00000000000000000000001000000010
00000000000000000000000000000000
00000000000000000000001000000010
00000000000000000000000000000000
00000000000000000000001000000010
00000000000000000000000000000000
00000000000000000000001000000010
00000000000000000000000000000000
00000000000000000000001000000010
00000000000000000000000000000000
00000000000000000000001000000010
00000000000000000000000000000000
00000000000000000000001000000000
00000000000000000000000000000000
00000000000000000000001000000000
00000000000000000000000000000000
00000000000000000000001000000000
00000000000000000000000000000000
00000000000000000000001000000000
00000000000000000000000000000000
00000000000000000000001000000000
00000000000000000000000000000000
00000000000000000000001000000000
00000000000000000000000000000000
00000000000000000000001000000100
00000000000000000000000000000000
00000000000000000000001000000100
00000000000000000000000000000000
00000000000000000000001000000100
00000000000000000000000000000000
00000000000000000000001000000100
00000000000000000000000000000000
00000000000000000000001000000100
00000000000000000000000000000000
00000000000000000000001000000100
00000000000000000000000000000000
00000000000000000000001000000100
00000000000000000000000000000000
00000000000000000000001000000100
00000000000000000000000000000000
00000000000000000000001000000100
00000000000000000000000000000000
00000000000000000000001000000100
00000000000000000000000000000000
00000000000000000000001000000100
00000000000000000000000000000000
00000000000000000000001000000100
00000000000000000000000000000000
00000000000000000000001000000100
00000000000000000000000000000000
00000000000000000000001000000100
00000000000000000000000000000000
00000000000000000000001000000000
00000000000000000000000000000000
00000000000000000000001000000000
00000000000000000000000000000000
00000000000000000000001000000000
00000000000000000000000000000000
00000000000000000000001000000000
00000000000000000000000000000000
00000000000000000000001000000000
00000000000000000000000000000000
00000000000000000000001000000000
00000000000000000000000000000000
00000000000000000000001000001000
00000000000000000000000000000000
00000000000000000000001000001000
00000000000000000000000000000000
00000000000000000000001000001000
00000000000000000000000000000000
00000000000000000000001000001000
00000000000000000000000000000000
00000000000000000000001000001000
00000000000000000000000000000000
00000000000000000000001000001000
00000000000000000000000000000000
00000000000000000000001000001000
00000000000000000000000000000000
00000000000000000000001000001000
00000000000000000000000000000000
00000000000000000000001000001000
00000000000000000000000000000000
00000000000000000000001000001000
00000000000000000000000000000000
00000000000000000000001000001000
00000000000000000000000000000000
00000000000000000000001000001000
00000000000000000000000000000000
00000000000000000000001000001000
00000000000000000000000000000000
00000000000000000000001000001000
00000000000000000000000000000000
00000000000000000000001000000000
00000000000000000000000000000000
00000000000000000000001000000000
00000000000000000000000000000000
00000000000000000000001000000000
00000000000000000000000000000000
00000000000000000000001000000000
00000000000000000000000000000000
00000000000000000000001000000000
00000000000000000000000000000000
00000000000000000000001000000000
00000000000000000000000000000000
00000000000000000000001000010000
00000000000000000000000000000000
00000000000000000000001000010000
00000000000000000000000000000000
00000000000000000000001000010000
00000000000000000000000000000000
00000000000000000000001000010000
00000000000000000000000000000000
00000000000000000000001000010000
00000000000000000000000000000000
00000000000000000000001000010000
00000000000000000000000000000000
00000000000000000000001000010000
00000000000000000000000000000000
00000000000000000000001000010000
00000000000000000000000000000000
00000000000000000000001000010000
00000000000000000000000000000000
00000000000000000000001000010000
00000000000000000000000000000000
00000000000000000000001000010000
00000000000000000000000000000000
00000000000000000000001000010000
00000000000000000000000000000000
00000000000000000000001000010000
00000000000000000000000000000000
00000000000000000000001000010000
00000000000000000000000000000000
00000000000000000000001000000000
00000000000000000000000000000000
00000000000000000000001000000000
00000000000000000000000000000000
00000000000000000000001000000000
00000000000000000000000000000000
00000000000000000000001000000000
00000000000000000000000000000000
00000000000000000000001000000000
00000000000000000000000000000000
00000000000000000000001000000000
00000000000000000000000000000000
00000000000000000000001000100000
00000000000000000000000000000000
00000000000000000000001000100000
00000000000000000000000000000000
00000000000000000000001000100000
00000000000000000000000000000000
00000000000000000000001000100000
00000000000000000000000000000000
00000000000000000000001000100000
00000000000000000000000000000000
00000000000000000000001000100000
00000000000000000000000000000000
00000000000000000000001000100000
00000000000000000000000000000000
00000000000000000000001000100000
00000000000000000000000000000000
00000000000000000000001000100000
00000000000000000000000000000000
00000000000000000000001000100000
00000000000000000000000000000000
00000000000000000000001000100000
00000000000000000000000000000000
00000000000000000000001000100000
00000000000000000000000000000000
00000000000000000000001000100000
00000000000000000000000000000000
00000000000000000000001000100000
00000000000000000000000000000000
00000000000000000000001000000000
00000000000000000000000000000000
00000000000000000000001000000000
00000000000000000000000000000000
00000000000000000000001000000000
00000000000000000000000000000000
00000000000000000000001000000000
00000000000000000000000000000000
00000000000000000000001000000000
00000000000000000000000000000000
00000000000000000000001000000000
00000000000000000000000000000000
00000000000000000000001001000000
00000000000000000000000000000000
00000000000000000000001001000000
00000000000000000000000000000000
00000000000000000000001001000000
00000000000000000000000000000000
00000000000000000000001001000000
00000000000000000000000000000000
00000000000000000000001001000000
00000000000000000000000000000000
00000000000000000000001001000000
00000000000000000000000000000000
00000000000000000000001001000000
00000000000000000000000000000000
00000000000000000000001001000000
00000000000000000000000000000000
00000000000000000000001001000000
00000000000000000000000000000000
00000000000000000000001001000000
00000000000000000000000000000000
00000000000000000000001001000000
00000000000000000000000000000000
00000000000000000000001001000000
00000000000000000000000000000000
00000000000000000000001001000000
00000000000000000000000000000000
00000000000000000000001001000000
00000000000000000000000000000000
00000000000000000000001000000000
00000000000000000000000000000000
00000000000000000000001000000000
00000000000000000000000000000000
00000000000000000000001000000000
00000000000000000000000000000000
00000000000000000000001000000000
00000000000000000000000000000000
00000000000000000000001000000000
00000000000000000000000000000000
00000000000000000000001000000000
00000000000000000000000000000000
00000000000000000000001010000000
00000000000000000000000000000000
00000000000000000000001010000000
00000000000000000000000000000000
00000000000000000000001010000000
00000000000000000000000000000000
00000000000000000000001010000000
00000000000000000000000000000000
00000000000000000000001010000000
00000000000000000000000000000000
00000000000000000000001010000000
00000000000000000000000000000000
00000000000000000000001010000000
00000000000000000000000000000000
00000000000000000000001010000000
00000000000000000000000000000000
00000000000000000000001010000000
00000000000000000000000000000000
00000000000000000000001010000000
00000000000000000000000000000000
00000000000000000000001010000000
00000000000000000000000000000000
00000000000000000000001010000000
00000000000000000000000000000000
00000000000000000000001010000000
00000000000000000000000000000000
00000000000000000000001010000000
00000000000000000000000000000000
00000000000000000000001000000000
00000000000000000000000000000000
00000000000000000000001000000000
00000000000000000000000000000000
00000000000000000000001000000000
00000000000000000000000000000000
00000000000000000000001000000000
00000000000000000000000000000000
00000000000000000000001000000000
00000000000000000000000000000000
00000000000000000000001000000000
00000000000000000000000000000000
00000000000000000000001100000000
00000000000000000000000000000000
00000000000000000000001100000000
00000000000000000000000000000000
00000000000000000000001100000000
00000000000000000000000000000000
00000000000000000000001100000000
00000000000000000000000000000000
00000000000000000000001100000000
00000000000000000000000000000000
00000000000000000000001100000000
00000000000000000000000000000000
00000000000000000000001100000000
00000000000000000000000000000000
00000000000000000000001100000000
00000000000000000000000000000000
00000000000000000000001100000000
00000000000000000000000000000000
00000000000000000000001100000000
00000000000000000000000000000000
00000000000000000000001100000000
00000000000000000000000000000000
00000000000000000000001100000000
00000000000000000000000000000000
00000000000000000000001100000000
00000000000000000000000000000000
00000000000000000000001100000000
00000000000000000000000000000000
00000000000000000000000000000000
00000000000000000000000000000000
00000000000000000000000000000000
00000000000000000000000000000000
00000000000000000000000000000000
00000000000000000000000000000000
00000000000000000000000000000000
00000000000000000000000000000000
00000000000000000000000000000000
00000000000000000000000000000000
00000000000000000000000000000000
00000000000000000000000000000000
00000000000000000000010000000001
00000000000000000000000000000000
00000000000000000000010000000001
00000000000000000000000000000000
00000000000000000000010000000001
00000000000000000000000000000000
00000000000000000000010000000001
00000000000000000000000000000000
00000000000000000000010000000001
00000000000000000000000000000000
00000000000000000000010000000001
00000000000000000000000000000000
00000000000000000000010000000001
00000000000000000000000000000000
00000000000000000000010000000001
00000000000000000000000000000000
00000000000000000000010000000001
00000000000000000000000000000000
00000000000000000000010000000001
00000000000000000000000000000000
00000000000000000000010000000001
00000000000000000000000000000000
00000000000000000000010000000001
00000000000000000000000000000000
00000000000000000000010000000001
00000000000000000000000000000000
00000000000000000000010000000001
00000000000000000000000000000000
00000000000000000000010000000000
00000000000000000000000000000000
00000000000000000000010000000000
00000000000000000000000000000000
00000000000000000000010000000000
00000000000000000000000000000000
00000000000000000000010000000000
00000000000000000000000000000000
00000000000000000000010000000000
00000000000000000000000000000000
00000000000000000000010000000000
00000000000000000000000000000000
00000000000000000000010000000010
00000000000000000000000000000000
00000000000000000000010000000010
00000000000000000000000000000000
00000000000000000000010000000010
00000000000000000000000000000000
00000000000000000000010000000010
00000000000000000000000000000000
00000000000000000000010000000010
00000000000000000000000000000000
00000000000000000000010000000010
00000000000000000000000000000000
00000000000000000000010000000010
00000000000000000000000000000000
00000000000000000000010000000010
00000000000000000000000000000000
00000000000000000000010000000010
00000000000000000000000000000000
00000000000000000000010000000010
00000000000000000000000000000000
00000000000000000000010000000010
00000000000000000000000000000000
00000000000000000000010000000010
00000000000000000000000000000000
00000000000000000000010000000010
00000000000000000000000000000000
00000000000000000000010000000010
00000000000000000000000000000000
00000000000000000000010000000000
00000000000000000000000000000000
00000000000000000000010000000000
00000000000000000000000000000000
00000000000000000000010000000000
00000000000000000000000000000000
00000000000000000000010000000000
00000000000000000000000000000000
00000000000000000000010000000000
00000000000000000000000000000000
00000000000000000000010000000000
00000000000000000000000000000000
00000000000000000000010000000100
00000000000000000000000000000000
00000000000000000000010000000100
00000000000000000000000000000000
00000000000000000000010000000100
00000000000000000000000000000000
00000000000000000000010000000100
00000000000000000000000000000000
00000000000000000000010000000100
00000000000000000000000000000000
00000000000000000000010000000100
00000000000000000000000000000000
00000000000000000000010000000100
00000000000000000000000000000000
00000000000000000000010000000100
00000000000000000000000000000000
00000000000000000000010000000100
00000000000000000000000000000000
00000000000000000000010000000100
00000000000000000000000000000000
00000000000000000000010000000100
00000000000000000000000000000000
00000000000000000000010000000100
00000000000000000000000000000000
00000000000000000000010000000100
00000000000000000000000000000000
00000000000000000000010000000100
00000000000000000000000000000000
00000000000000000000010000000000
00000000000000000000000000000000
00000000000000000000010000000000
00000000000000000000000000000000
00000000000000000000010000000000
00000000000000000000000000000000
00000000000000000000010000000000
00000000000000000000000000000000
00000000000000000000010000000000
00000000000000000000000000000000
00000000000000000000010000000000
00000000000000000000000000000000
00000000000000000000010000001000
00000000000000000000000000000000
00000000000000000000010000001000
00000000000000000000000000000000
00000000000000000000010000001000
00000000000000000000000000000000
00000000000000000000010000001000
00000000000000000000000000000000
00000000000000000000010000001000
00000000000000000000000000000000
00000000000000000000010000001000
00000000000000000000000000000000
00000000000000000000010000001000
00000000000000000000000000000000
00000000000000000000010000001000
00000000000000000000000000000000
00000000000000000000010000001000
00000000000000000000000000000000
00000000000000000000010000001000
00000000000000000000000000000000
00000000000000000000010000001000
00000000000000000000000000000000
00000000000000000000010000001000
00000000000000000000000000000000
00000000000000000000010000001000
00000000000000000000000000000000
00000000000000000000010000001000
00000000000000000000000000000000
00000000000000000000010000000000
00000000000000000000000000000000
00000000000000000000010000000000
00000000000000000000000000000000
00000000000000000000010000000000
00000000000000000000000000000000
00000000000000000000010000000000
00000000000000000000000000000000
00000000000000000000010000000000
00000000000000000000000000000000
00000000000000000000010000000000
00000000000000000000000000000000
00000000000000000000010000010000
00000000000000000000000000000000
00000000000000000000010000010000
00000000000000000000000000000000
00000000000000000000010000010000
00000000000000000000000000000000
00000000000000000000010000010000
00000000000000000000000000000000
00000000000000000000010000010000
00000000000000000000000000000000
00000000000000000000010000010000
00000000000000000000000000000000
00000000000000000000010000010000
00000000000000000000000000000000
00000000000000000000010000010000
00000000000000000000000000000000
00000000000000000000010000010000
00000000000000000000000000000000
00000000000000000000010000010000
00000000000000000000000000000000
00000000000000000000010000010000
00000000000000000000000000000000
00000000000000000000010000010000
00000000000000000000000000000000
00000000000000000000010000010000
00000000000000000000000000000000
00000000000000000000010000010000
00000000000000000000000000000000
00000000000000000000010000000000
00000000000000000000000000000000
00000000000000000000010000000000
00000000000000000000000000000000
00000000000000000000010000000000
00000000000000000000000000000000
00000000000000000000010000000000
00000000000000000000000000000000
00000000000000000000010000000000
00000000000000000000000000000000
00000000000000000000010000000000
00000000000000000000000000000000
00000000000000000000010000100000
00000000000000000000000000000000
00000000000000000000010000100000
00000000000000000000000000000000
00000000000000000000010000100000
00000000000000000000000000000000
00000000000000000000010000100000
00000000000000000000000000000000
00000000000000000000010000100000
00000000000000000000000000000000
00000000000000000000010000100000
00000000000000000000000000000000
00000000000000000000010000100000
00000000000000000000000000000000
00000000000000000000010000100000
00000000000000000000000000000000
00000000000000000000010000100000
00000000000000000000000000000000
00000000000000000000010000100000
00000000000000000000000000000000
00000000000000000000010000100000
00000000000000000000000000000000
00000000000000000000010000100000
00000000000000000000000000000000
00000000000000000000010000100000
00000000000000000000000000000000
00000000000000000000010000100000
00000000000000000000000000000000
00000000000000000000010000000000
00000000000000000000000000000000
00000000000000000000010000000000
00000000000000000000000000000000
00000000000000000000010000000000
00000000000000000000000000000000
00000000000000000000010000000000
00000000000000000000000000000000
00000000000000000000010000000000
00000000000000000000000000000000
00000000000000000000010000000000
00000000000000000000000000000000
00000000000000000000010001000000
00000000000000000000000000000000
00000000000000000000010001000000
00000000000000000000000000000000
00000000000000000000010001000000
00000000000000000000000000000000
00000000000000000000010001000000
00000000000000000000000000000000
00000000000000000000010001000000
00000000000000000000000000000000
00000000000000000000010001000000
00000000000000000000000000000000
00000000000000000000010001000000
00000000000000000000000000000000
00000000000000000000010001000000
00000000000000000000000000000000
00000000000000000000010001000000
00000000000000000000000000000000
00000000000000000000010001000000
00000000000000000000000000000000
00000000000000000000010001000000
00000000000000000000000000000000
00000000000000000000010001000000
00000000000000000000000000000000
00000000000000000000010001000000
00000000000000000000000000000000
00000000000000000000010001000000
00000000000000000000000000000000
00000000000000000000010000000000
00000000000000000000000000000000
00000000000000000000010000000000
00000000000000000000000000000000
00000000000000000000010000000000
00000000000000000000000000000000
00000000000000000000010000000000
00000000000000000000000000000000
00000000000000000000010000000000
00000000000000000000000000000000
00000000000000000000010000000000
00000000000000000000000000000000
00000000000000000000010010000000
00000000000000000000000000000000
00000000000000000000010010000000
00000000000000000000000000000000
00000000000000000000010010000000
00000000000000000000000000000000
00000000000000000000010010000000
00000000000000000000000000000000
00000000000000000000010010000000
00000000000000000000000000000000
00000000000000000000010010000000
00000000000000000000000000000000
00000000000000000000010010000000
00000000000000000000000000000000
00000000000000000000010010000000
00000000000000000000000000000000
00000000000000000000010010000000
00000000000000000000000000000000
00000000000000000000010010000000
00000000000000000000000000000000
00000000000000000000010010000000
00000000000000000000000000000000
00000000000000000000010010000000
00000000000000000000000000000000
00000000000000000000010010000000
00000000000000000000000000000000
00000000000000000000010010000000
00000000000000000000000000000000
00000000000000000000010000000000
00000000000000000000000000000000
00000000000000000000010000000000
00000000000000000000000000000000
00000000000000000000010000000000
00000000000000000000000000000000
00000000000000000000010000000000
00000000000000000000000000000000
00000000000000000000010000000000
00000000000000000000000000000000
00000000000000000000010000000000
00000000000000000000000000000000
00000000000000000000010100000000
00000000000000000000000000000000
00000000000000000000010100000000
00000000000000000000000000000000
00000000000000000000010100000000
00000000000000000000000000000000
00000000000000000000010100000000
00000000000000000000000000000000
00000000000000000000010100000000
00000000000000000000000000000000
00000000000000000000010100000000
00000000000000000000000000000000
00000000000000000000010100000000
00000000000000000000000000000000
00000000000000000000010100000000
00000000000000000000000000000000
00000000000000000000010100000000
00000000000000000000000000000000
00000000000000000000010100000000
00000000000000000000000000000000
00000000000000000000010100000000
00000000000000000000000000000000
00000000000000000000010100000000
00000000000000000000000000000000
00000000000000000000010100000000
00000000000000000000000000000000
00000000000000000000010100000000
00000000000000000000000000000000
00000000000000000000000000000000
00000000000000000000000000000000
00000000000000000000000000000000
00000000000000000000000000000000
00000000000000000000000000000000
00000000000000000000000000000000
00000000000000000000000000000000
00000000000000000000000000000000
00000000000000000000000000000000
00000000000000000000000000000000
00000000000000000000000000000000
00000000000000000000000000000000
00000000000000000000100000000001
00000000000000000000000000000000
00000000000000000000100000000001
00000000000000000000000000000000
00000000000000000000100000000001
00000000000000000000000000000000
00000000000000000000100000000001
00000000000000000000000000000000
00000000000000000000100000000001
00000000000000000000000000000000
00000000000000000000100000000001
00000000000000000000000000000000
00000000000000000000100000000001
00000000000000000000000000000000
00000000000000000000100000000001
00000000000000000000000000000000
00000000000000000000100000000001
00000000000000000000000000000000
00000000000000000000100000000001
00000000000000000000000000000000
00000000000000000000100000000001
00000000000000000000000000000000
00000000000000000000100000000001
00000000000000000000000000000000
00000000000000000000100000000001
00000000000000000000000000000000
00000000000000000000100000000001
00000000000000000000000000000000
00000000000000000000100000000000
00000000000000000000000000000000
00000000000000000000100000000000
00000000000000000000000000000000
00000000000000000000100000000000
00000000000000000000000000000000
00000000000000000000100000000000
00000000000000000000000000000000
00000000000000000000100000000000
00000000000000000000000000000000
00000000000000000000100000000000
00000000000000000000000000000000
00000000000000000000100000000010
00000000000000000000000000000000
00000000000000000000100000000010
00000000000000000000000000000000
00000000000000000000100000000010
00000000000000000000000000000000
00000000000000000000100000000010
00000000000000000000000000000000
00000000000000000000100000000010
00000000000000000000000000000000
00000000000000000000100000000010
00000000000000000000000000000000
00000000000000000000100000000010
00000000000000000000000000000000
00000000000000000000100000000010
00000000000000000000000000000000
00000000000000000000100000000010
00000000000000000000000000000000
00000000000000000000100000000010
00000000000000000000000000000000
00000000000000000000100000000010
00000000000000000000000000000000
00000000000000000000100000000010
00000000000000000000000000000000
00000000000000000000100000000010
00000000000000000000000000000000
00000000000000000000100000000010
00000000000000000000000000000000
00000000000000000000100000000000
00000000000000000000000000000000
00000000000000000000100000000000
00000000000000000000000000000000
00000000000000000000100000000000
00000000000000000000000000000000
00000000000000000000100000000000
00000000000000000000000000000000
00000000000000000000100000000000
00000000000000000000000000000000
00000000000000000000100000000000
00000000000000000000000000000000
00000000000000000000100000000100
00000000000000000000000000000000
00000000000000000000100000000100
00000000000000000000000000000000
00000000000000000000100000000100
00000000000000000000000000000000
00000000000000000000100000000100
00000000000000000000000000000000
00000000000000000000100000000100
00000000000000000000000000000000
00000000000000000000100000000100
00000000000000000000000000000000
00000000000000000000100000000100
00000000000000000000000000000000
00000000000000000000100000000100
00000000000000000000000000000000
00000000000000000000100000000100
00000000000000000000000000000000
00000000000000000000100000000100
00000000000000000000000000000000
00000000000000000000100000000100
00000000000000000000000000000000
00000000000000000000100000000100
00000000000000000000000000000000
00000000000000000000100000000100
00000000000000000000000000000000
00000000000000000000100000000100
00000000000000000000000000000000
00000000000000000000100000000000
00000000000000000000000000000000
00000000000000000000100000000000
00000000000000000000000000000000
00000000000000000000100000000000
00000000000000000000000000000000
00000000000000000000100000000000
00000000000000000000000000000000
00000000000000000000100000000000
00000000000000000000000000000000
00000000000000000000100000000000
00000000000000000000000000000000
00000000000000000000100000001000
00000000000000000000000000000000
00000000000000000000100000001000
00000000000000000000000000000000
00000000000000000000100000001000
00000000000000000000000000000000
00000000000000000000100000001000
00000000000000000000000000000000
00000000000000000000100000001000
00000000000000000000000000000000
00000000000000000000100000001000
00000000000000000000000000000000
00000000000000000000100000001000
00000000000000000000000000000000
00000000000000000000100000001000
00000000000000000000000000000000
00000000000000000000100000001000
00000000000000000000000000000000
00000000000000000000100000001000
00000000000000000000000000000000
00000000000000000000100000001000
00000000000000000000000000000000
00000000000000000000100000001000
00000000000000000000000000000000
00000000000000000000100000001000
00000000000000000000000000000000
00000000000000000000100000001000
00000000000000000000000000000000
00000000000000000000100000000000
00000000000000000000000000000000
00000000000000000000100000000000
00000000000000000000000000000000
00000000000000000000100000000000
00000000000000000000000000000000
00000000000000000000100000000000
00000000000000000000000000000000
00000000000000000000100000000000
00000000000000000000000000000000
00000000000000000000100000000000
00000000000000000000000000000000
00000000000000000000100000010000
00000000000000000000000000000000
00000000000000000000100000010000
00000000000000000000000000000000
00000000000000000000100000010000
00000000000000000000000000000000
00000000000000000000100000010000
00000000000000000000000000000000
00000000000000000000100000010000
00000000000000000000000000000000
00000000000000000000100000010000
00000000000000000000000000000000
00000000000000000000100000010000
00000000000000000000000000000000
00000000000000000000100000010000
00000000000000000000000000000000
00000000000000000000100000010000
00000000000000000000000000000000
00000000000000000000100000010000
00000000000000000000000000000000
00000000000000000000100000010000
00000000000000000000000000000000
00000000000000000000100000010000
00000000000000000000000000000000
00000000000000000000100000010000
00000000000000000000000000000000
00000000000000000000100000010000
00000000000000000000000000000000
00000000000000000000100000000000
00000000000000000000000000000000
00000000000000000000100000000000
00000000000000000000000000000000
00000000000000000000100000000000
00000000000000000000000000000000
00000000000000000000100000000000
00000000000000000000000000000000
00000000000000000000100000000000
00000000000000000000000000000000
00000000000000000000100000000000
00000000000000000000000000000000
00000000000000000000100000100000
00000000000000000000000000000000
00000000000000000000100000100000
00000000000000000000000000000000
00000000000000000000100000100000
00000000000000000000000000000000
00000000000000000000100000100000
00000000000000000000000000000000
00000000000000000000100000100000
00000000000000000000000000000000
00000000000000000000100000100000
00000000000000000000000000000000
00000000000000000000100000100000
00000000000000000000000000000000
00000000000000000000100000100000
00000000000000000000000000000000
00000000000000000000100000100000
00000000000000000000000000000000
00000000000000000000100000100000
00000000000000000000000000000000
00000000000000000000100000100000
00000000000000000000000000000000
00000000000000000000100000100000
00000000000000000000000000000000
00000000000000000000100000100000
00000000000000000000000000000000
00000000000000000000100000100000
00000000000000000000000000000000
00000000000000000000100000000000
00000000000000000000000000000000
00000000000000000000100000000000
00000000000000000000000000000000
00000000000000000000100000000000
00000000000000000000000000000000
00000000000000000000100000000000
00000000000000000000000000000000
00000000000000000000100000000000
00000000000000000000000000000000
00000000000000000000100000000000
00000000000000000000000000000000
00000000000000000000100001000000
00000000000000000000000000000000
00000000000000000000100001000000
00000000000000000000000000000000
00000000000000000000100001000000
00000000000000000000000000000000
00000000000000000000100001000000
00000000000000000000000000000000
00000000000000000000100001000000
00000000000000000000000000000000
00000000000000000000100001000000
00000000000000000000000000000000
00000000000000000000100001000000
00000000000000000000000000000000
00000000000000000000100001000000
00000000000000000000000000000000
00000000000000000000100001000000
00000000000000000000000000000000
00000000000000000000100001000000
00000000000000000000000000000000
00000000000000000000100001000000
00000000000000000000000000000000
00000000000000000000100001000000
00000000000000000000000000000000
00000000000000000000100001000000
00000000000000000000000000000000
00000000000000000000100001000000
00000000000000000000000000000000
00000000000000000000100000000000
00000000000000000000000000000000
00000000000000000000100000000000
00000000000000000000000000000000
00000000000000000000100000000000
00000000000000000000000000000000
00000000000000000000100000000000
00000000000000000000000000000000
00000000000000000000100000000000
00000000000000000000000000000000
00000000000000000000100000000000
00000000000000000000000000000000
00000000000000000000100010000000
00000000000000000000000000000000
00000000000000000000100010000000
00000000000000000000000000000000
00000000000000000000100010000000
00000000000000000000000000000000
00000000000000000000100010000000
00000000000000000000000000000000
00000000000000000000100010000000
00000000000000000000000000000000
00000000000000000000100010000000
00000000000000000000000000000000
00000000000000000000100010000000
00000000000000000000000000000000
00000000000000000000100010000000
00000000000000000000000000000000
00000000000000000000100010000000
00000000000000000000000000000000
00000000000000000000100010000000
00000000000000000000000000000000
00000000000000000000100010000000
00000000000000000000000000000000
00000000000000000000100010000000
00000000000000000000000000000000
00000000000000000000100010000000
00000000000000000000000000000000
00000000000000000000100010000000
00000000000000000000000000000000
00000000000000000000100000000000
00000000000000000000000000000000
00000000000000000000100000000000
00000000000000000000000000000000
00000000000000000000100000000000
00000000000000000000000000000000
00000000000000000000100000000000
00000000000000000000000000000000
00000000000000000000100000000000
00000000000000000000000000000000
00000000000000000000100000000000
00000000000000000000000000000000
00000000000000000000100100000000
00000000000000000000000000000000
00000000000000000000100100000000
00000000000000000000000000000000
00000000000000000000100100000000
00000000000000000000000000000000
00000000000000000000100100000000
00000000000000000000000000000000
00000000000000000000100100000000
00000000000000000000000000000000
00000000000000000000100100000000
00000000000000000000000000000000
00000000000000000000100100000000
00000000000000000000000000000000
00000000000000000000100100000000
00000000000000000000000000000000
00000000000000000000100100000000
00000000000000000000000000000000
00000000000000000000100100000000
00000000000000000000000000000000
00000000000000000000100100000000
00000000000000000000000000000000
00000000000000000000100100000000
00000000000000000000000000000000
00000000000000000000100100000000
00000000000000000000000000000000
00000000000000000000100100000000
00000000000000000000000000000000
00000000000000000000000000000000
00000000000000000000000000000000
00000000000000000000000000000000
00000000000000000000000000000000
00000000000000000000000000000000
00000000000000000000000000000000
00000000000000000000000000000000
00000000000000000000000000000000
00000000000000000000000000000000
00000000000000000000000000000000
00000000000000000000000000000000
00000000000000000000000000000000
00000000000000000001000000000001
00000000000000000000000000000000
00000000000000000001000000000001
00000000000000000000000000000000
00000000000000000001000000000001
00000000000000000000000000000000
00000000000000000001000000000001
00000000000000000000000000000000
00000000000000000001000000000001
00000000000000000000000000000000
00000000000000000001000000000001
00000000000000000000000000000000
00000000000000000001000000000001
00000000000000000000000000000000
00000000000000000001000000000001
00000000000000000000000000000000
00000000000000000001000000000001
00000000000000000000000000000000
00000000000000000001000000000001
00000000000000000000000000000000
00000000000000000001000000000001
00000000000000000000000000000000
00000000000000000001000000000001
00000000000000000000000000000000
00000000000000000001000000000001
00000000000000000000000000000000
00000000000000000001000000000001
00000000000000000000000000000000
00000000000000000001000000000000
00000000000000000000000000000000
00000000000000000001000000000000
00000000000000000000000000000000
00000000000000000001000000000000
00000000000000000000000000000000
00000000000000000001000000000000
00000000000000000000000000000000
00000000000000000001000000000000
00000000000000000000000000000000
00000000000000000001000000000000
00000000000000000000000000000000
00000000000000000001000000000010
00000000000000000000000000000000
00000000000000000001000000000010
00000000000000000000000000000000
00000000000000000001000000000010
00000000000000000000000000000000
00000000000000000001000000000010
00000000000000000000000000000000
00000000000000000001000000000010
00000000000000000000000000000000
00000000000000000001000000000010
00000000000000000000000000000000
00000000000000000001000000000010
00000000000000000000000000000000
00000000000000000001000000000010
00000000000000000000000000000000
00000000000000000001000000000010
00000000000000000000000000000000
00000000000000000001000000000010
00000000000000000000000000000000
00000000000000000001000000000010
00000000000000000000000000000000
00000000000000000001000000000010
00000000000000000000000000000000
00000000000000000001000000000010
00000000000000000000000000000000
00000000000000000001000000000010
00000000000000000000000000000000
00000000000000000001000000000000
00000000000000000000000000000000
00000000000000000001000000000000
00000000000000000000000000000000
00000000000000000001000000000000
00000000000000000000000000000000
00000000000000000001000000000000
00000000000000000000000000000000
00000000000000000001000000000000
00000000000000000000000000000000
00000000000000000001000000000000
00000000000000000000000000000000
00000000000000000001000000000100
00000000000000000000000000000000
00000000000000000001000000000100
00000000000000000000000000000000
00000000000000000001000000000100
00000000000000000000000000000000
00000000000000000001000000000100
00000000000000000000000000000000
00000000000000000001000000000100
00000000000000000000000000000000
00000000000000000001000000000100
00000000000000000000000000000000
00000000000000000001000000000100
00000000000000000000000000000000
00000000000000000001000000000100
00000000000000000000000000000000
00000000000000000001000000000100
00000000000000000000000000000000
00000000000000000001000000000100
00000000000000000000000000000000
00000000000000000001000000000100
00000000000000000000000000000000
00000000000000000001000000000100
00000000000000000000000000000000
00000000000000000001000000000100
00000000000000000000000000000000
00000000000000000001000000000100
00000000000000000000000000000000
00000000000000000001000000000000
00000000000000000000000000000000
00000000000000000001000000000000
00000000000000000000000000000000
00000000000000000001000000000000
00000000000000000000000000000000
00000000000000000001000000000000
00000000000000000000000000000000
00000000000000000001000000000000
00000000000000000000000000000000
00000000000000000001000000000000
00000000000000000000000000000000
00000000000000000001000000001000
00000000000000000000000000000000
00000000000000000001000000001000
00000000000000000000000000000000
00000000000000000001000000001000
00000000000000000000000000000000
00000000000000000001000000001000
00000000000000000000000000000000
00000000000000000001000000001000
00000000000000000000000000000000
00000000000000000001000000001000
00000000000000000000000000000000
00000000000000000001000000001000
00000000000000000000000000000000
00000000000000000001000000001000
00000000000000000000000000000000
00000000000000000001000000001000
00000000000000000000000000000000
00000000000000000001000000001000
00000000000000000000000000000000
00000000000000000001000000001000
00000000000000000000000000000000
00000000000000000001000000001000
00000000000000000000000000000000
00000000000000000001000000001000
00000000000000000000000000000000
00000000000000000001000000001000
00000000000000000000000000000000
00000000000000000001000000000000
00000000000000000000000000000000
00000000000000000001000000000000
00000000000000000000000000000000
00000000000000000001000000000000
00000000000000000000000000000000
00000000000000000001000000000000
00000000000000000000000000000000
00000000000000000001000000000000
00000000000000000000000000000000
00000000000000000001000000000000
00000000000000000000000000000000
00000000000000000001000000010000
00000000000000000000000000000000
00000000000000000001000000010000
00000000000000000000000000000000
00000000000000000001000000010000
00000000000000000000000000000000
00000000000000000001000000010000
00000000000000000000000000000000
00000000000000000001000000010000
00000000000000000000000000000000
00000000000000000001000000010000
00000000000000000000000000000000
00000000000000000001000000010000
00000000000000000000000000000000
00000000000000000001000000010000
00000000000000000000000000000000
00000000000000000001000000010000
00000000000000000000000000000000
00000000000000000001000000010000
00000000000000000000000000000000
00000000000000000001000000010000
00000000000000000000000000000000
00000000000000000001000000010000
00000000000000000000000000000000
00000000000000000001000000010000
00000000000000000000000000000000
00000000000000000001000000010000
00000000000000000000000000000000
00000000000000000001000000000000
00000000000000000000000000000000
00000000000000000001000000000000
00000000000000000000000000000000
00000000000000000001000000000000
00000000000000000000000000000000
00000000000000000001000000000000
00000000000000000000000000000000
00000000000000000001000000000000
00000000000000000000000000000000
00000000000000000001000000000000
00000000000000000000000000000000
00000000000000000001000000100000
00000000000000000000000000000000
00000000000000000001000000100000
00000000000000000000000000000000
00000000000000000001000000100000
00000000000000000000000000000000
00000000000000000001000000100000
00000000000000000000000000000000
00000000000000000001000000100000
00000000000000000000000000000000
00000000000000000001000000100000
00000000000000000000000000000000
00000000000000000001000000100000
00000000000000000000000000000000
00000000000000000001000000100000
00000000000000000000000000000000
00000000000000000001000000100000
00000000000000000000000000000000
00000000000000000001000000100000
00000000000000000000000000000000
00000000000000000001000000100000
00000000000000000000000000000000
00000000000000000001000000100000
00000000000000000000000000000000
00000000000000000001000000100000
00000000000000000000000000000000
00000000000000000001000000100000
00000000000000000000000000000000
00000000000000000001000000000000
00000000000000000000000000000000
00000000000000000001000000000000
00000000000000000000000000000000
00000000000000000001000000000000
00000000000000000000000000000000
00000000000000000001000000000000
00000000000000000000000000000000
00000000000000000001000000000000
00000000000000000000000000000000
00000000000000000001000000000000
00000000000000000000000000000000
00000000000000000001000001000000
00000000000000000000000000000000
00000000000000000001000001000000
00000000000000000000000000000000
00000000000000000001000001000000
00000000000000000000000000000000
00000000000000000001000001000000
00000000000000000000000000000000
00000000000000000001000001000000
00000000000000000000000000000000
00000000000000000001000001000000
00000000000000000000000000000000
00000000000000000001000001000000
00000000000000000000000000000000
00000000000000000001000001000000
00000000000000000000000000000000
00000000000000000001000001000000
00000000000000000000000000000000
00000000000000000001000001000000
00000000000000000000000000000000
00000000000000000001000001000000
00000000000000000000000000000000
00000000000000000001000001000000
00000000000000000000000000000000
00000000000000000001000001000000
00000000000000000000000000000000
00000000000000000001000001000000
00000000000000000000000000000000
00000000000000000001000000000000
00000000000000000000000000000000
00000000000000000001000000000000
00000000000000000000000000000000
00000000000000000001000000000000
00000000000000000000000000000000
00000000000000000001000000000000
00000000000000000000000000000000
00000000000000000001000000000000
00000000000000000000000000000000
00000000000000000001000000000000
00000000000000000000000000000000
00000000000000000001000010000000
00000000000000000000000000000000
00000000000000000001000010000000
00000000000000000000000000000000
00000000000000000001000010000000
00000000000000000000000000000000
00000000000000000001000010000000
00000000000000000000000000000000
00000000000000000001000010000000
00000000000000000000000000000000
00000000000000000001000010000000
00000000000000000000000000000000
00000000000000000001000010000000
00000000000000000000000000000000
00000000000000000001000010000000
00000000000000000000000000000000
00000000000000000001000010000000
00000000000000000000000000000000
00000000000000000001000010000000
00000000000000000000000000000000
00000000000000000001000010000000
00000000000000000000000000000000
00000000000000000001000010000000
00000000000000000000000000000000
00000000000000000001000010000000
00000000000000000000000000000000
00000000000000000001000010000000
00000000000000000000000000000000
00000000000000000001000000000000
00000000000000000000000000000000
00000000000000000001000000000000
00000000000000000000000000000000
00000000000000000001000000000000
00000000000000000000000000000000
00000000000000000001000000000000
00000000000000000000000000000000
00000000000000000001000000000000
00000000000000000000000000000000
00000000000000000001000000000000
00000000000000000000000000000000
00000000000000000001000100000000
00000000000000000000000000000000
00000000000000000001000100000000
00000000000000000000000000000000
00000000000000000001000100000000
00000000000000000000000000000000
00000000000000000001000100000000
00000000000000000000000000000000
00000000000000000001000100000000
00000000000000000000000000000000
00000000000000000001000100000000
00000000000000000000000000000000
00000000000000000001000100000000
00000000000000000000000000000000
00000000000000000001000100000000
00000000000000000000000000000000
00000000000000000001000100000000
00000000000000000000000000000000
00000000000000000001000100000000
00000000000000000000000000000000
00000000000000000001000100000000
00000000000000000000000000000000
00000000000000000001000100000000
00000000000000000000000000000000
00000000000000000001000100000000
00000000000000000000000000000000
00000000000000000001000100000000
00000000000000000000000000000000
00000000000000000000000000000000
00000000000000000000000000000000
00000000000000000000000000000000
00000000000000000000000000000000
00000000000000000000000000000000
00000000000000000000000000000000
00000000000000000000000000000000
00000000000000000000000000000000
00000000000000000000000000000000
00000000000000000000000000000000
00000000000000000000000000000000
00000000000000000000000000000000
00000000000000000000000000000000
00000000000000000000000000000000
00000000000000000000000000000000
00000000000000000000000000000000
00000000000000000000000000000000
00000000000000000000000000000000
00000000000000000000000000000000
00000000000000000000000000000000
00000000000000000000000000000000
00000000000000000000000000000000
00000000000000000000000000000000
00000000000000000000000000000000
00000000000000000000000000000000
00000000000000000000000000000000
00000000000000000000000000000000
00000000000000000000000000000000
00000000000000000000000000000000
00000000000000000000000000000000
00000000000000000000000000000000
00000000000000000000000000000000
00000000000000000000000000000000
00000000000000000000000000000000
00000000000000000000000000000000
00000000000000000000000000000000
00000000000000000000000000000000
00000000000000000000000000000000
00000000000000000000000000000000
00000000000000000000000000000000
00000000000000000000000000000000
00000000000000000000000000000000
00000000000000000000000000000000
00000000000000000000000000000000
00000000000000000000000000000000
00000000000000000000000000000000
00000000000000000000000000000000
00000000000000000000000000000000
00000000000000000000000000000000
00000000000000000000000000000000
00000000000000000000000000000000
00000000000000000000000000000000
00000000000000000000000000000000
00000000000000000000000000000000
00000000000000000000000000000000
00000000000000000000000000000000
00000000000000000000000000000000
00000000000000000000000000000000
00000000000000000000000000000000
00000000000000000000000000000000
00000000000000000000000000000000
00000000000000000000000000000000
00000000000000000000000000000000
00000000000000000000000000000000
00000000000000000000000000000000
00000000000000000000000000000000
00000000000000000000000000000000
00000000000000000000000000000000
00000000000000000000000000000000
00000000000000000000000000000000
00000000000000000000000000000000
00000000000000000000000000000000
00000000000000000000000000000000
00000000000000000000000000000000
00000000000000000000000000000000
00000000000000000000000000000000
00000000000000000000000000000000
00000000000000000000000000000000
00000000000000000000000000000000
00000000000000000000000000000000
00000000000000000000000000000000
00000000000000000000000000000000
00000000000000000000000000000000
00000000000000000000000000000000
00000000000000000000000000000000
00000000000000000000000000000000
00000000000000000000000000000000
00000000000000000000000000000000
00000000000000000000000000000000
00000000000000000000000000000000
00000000000000000000000000000000
00000000000000000000000000000000
00000000000000000000000000000000
00000000000000000000000000000000
00000000000000000000000000000000
00000000000000000000000000000000
00000000000000000000000000000000
00000000000000000000000000000000
00000000000000000000000000000000
00000000000000000000000000000000
00000000000000000000000000000000
00000000000000000000000000000000
00000000000000000000000000000000
00000000000000000000000000000000
00000000000000000000000000000000
00000000000000000000000000000000
00000000000000000000000000000000
00000000000000000000000000000000
00000000000000000000000000000000
00000000000000000000000000000000
00000000000000000000000000000000
00000000000000000000000000000000
00000000000000000000000000000000
00000000000000000000000000000000
00000000000000000000000000000000
00000000000000000000000000000000
00000000000000000000000000000000
00000000000000000000000000000000
00000000000000000000000000000000
00000000000000000000000000000000
00000000000000000000000000000000
00000000000000000000000000000000
00000000000000000000000000000000
00000000000000000000000000000000
00000000000000000000000000000000
00000000000000000000000000000000
00000000000000000000000000000000
00000000000000000000000000000000
00000000000000000000000000000000
00000000000000000000000000000000
00000000000000000000000000000000
00000000000000000000000000000000
00000000000000000000000000000000
00000000000000000000000000000000
00000000000000000000000000000000
00000000000000000000000000000000
00000000000000000000000000000000
00000000000000000000000000000000
00000000000000000000000000000000
00000000000000000000000000000000
00000000000000000000000000000000
00000000000000000000000000000000
00000000000000000000000000000000
00000000000000000000000000000000
00000000000000000000000000000000
00000000000000000000000000000000
00000000000000000000000000000000
00000000000000000000000000000000
00000000000000000000000000000000
00000000000000000000000000000000
00000000000000000000000000000000
00000000000000000000000000000000
00000000000000000000000000000000
00000000000000000000000000000000
00000000000000000000000000000000
00000000000000000000000000000000
00000000000000000000000000000000
00000000000000000000000000000000
00000000000000000000000000000000
00000000000000000000000000000000
00000000000000000000000000000000
00000000000000000000000000000000
00000000000000000000000000000000
00000000000000000000000000000000
00000000000000000000000000000000
00000000000000000000000000000000
00000000000000000000000000000000
00000000000000000000000000000000
00000000000000000000000000000000
00000000000000000000000000000000
00000000000000000000000000000000
00000000000000000000000000000000
00000000000000000000001000000001
00000000000000000000000000000000
00000000000000000000001000000001
00000000000000000000000000000000
00000000000000000000001000000001
00000000000000000000000000000000
00000000000000000000001000000001
00000000000000000000000000000000
00000000000000000000001000000001
00000000000000000000000000000000
00000000000000000000001000000001
00000000000000000000000000000000
00000000000000000000001000000001
00000000000000000000000000000000
00000000000000000000001000000001
00000000000000000000000000000000
00000000000000000000001000000001
00000000000000000000000000000000
00000000000000000000001000000001
00000000000000000000000000000000
00000000000000000000001000000001
00000000000000000000000000000000
00000000000000000000001000000001
00000000000000000000000000000000
00000000000000000000001000000001
00000000000000000000000000000000
00000000000000000000001000000001
00000000000000000000000000000000
00000000000000000000001000000000
00000000000000000000000000000000
00000000000000000000001000000000
00000000000000000000000000000000
00000000000000000000001000000000
00000000000000000000000000000000
00000000000000000000001000000000
00000000000000000000000000000000
00000000000000000000001000000000
00000000000000000000000000000000
00000000000000000000001000000000
00000000000000000000000000000000
00000000000000000000001000000010
00000000000000000000000000000000
00000000000000000000001000000010
00000000000000000000000000000000
00000000000000000000001000000010
00000000000000000000000000000000
00000000000000000000001000000010
00000000000000000000000000000000
00000000000000000000001000000010
00000000000000000000000000000000
00000000000000000000001000000010
00000000000000000000000000000000
00000000000000000000001000000010
00000000000000000000000000000000
00000000000000000000001000000010
00000000000000000000000000000000
00000000000000000000001000000010
00000000000000000000000000000000
00000000000000000000001000000010
00000000000000000000000000000000
00000000000000000000001000000010
00000000000000000000000000000000
00000000000000000000001000000010
00000000000000000000000000000000
00000000000000000000001000000010
00000000000000000000000000000000
00000000000000000000001000000010
00000000000000000000000000000000
00000000000000000000001000000000
00000000000000000000000000000000
00000000000000000000001000000000
00000000000000000000000000000000
00000000000000000000001000000000
00000000000000000000000000000000
00000000000000000000001000000000
00000000000000000000000000000000
00000000000000000000001000000000
00000000000000000000000000000000
00000000000000000000001000000000
00000000000000000000000000000000
00000000000000000000001000000100
00000000000000000000000000000000
00000000000000000000001000000100
00000000000000000000000000000000
00000000000000000000001000000100
00000000000000000000000000000000
00000000000000000000001000000100
00000000000000000000000000000000
00000000000000000000001000000100
00000000000000000000000000000000
00000000000000000000001000000100
00000000000000000000000000000000
00000000000000000000001000000100
00000000000000000000000000000000
00000000000000000000001000000100
00000000000000000000000000000000
00000000000000000000001000000100
00000000000000000000000000000000
00000000000000000000001000000100
00000000000000000000000000000000
00000000000000000000001000000100
00000000000000000000000000000000
00000000000000000000001000000100
00000000000000000000000000000000
00000000000000000000001000000100
00000000000000000000000000000000
00000000000000000000001000000100
00000000000000000000000000000000
00000000000000000000001000000000
00000000000000000000000000000000
00000000000000000000001000000000
00000000000000000000000000000000
00000000000000000000001000000000
00000000000000000000000000000000
00000000000000000000001000000000
00000000000000000000000000000000
00000000000000000000001000000000
00000000000000000000000000000000
00000000000000000000001000000000
00000000000000000000000000000000
00000000000000000000001000001000
00000000000000000000000000000000
00000000000000000000001000001000
00000000000000000000000000000000
00000000000000000000001000001000
00000000000000000000000000000000
00000000000000000000001000001000
00000000000000000000000000000000
00000000000000000000001000001000
00000000000000000000000000000000
00000000000000000000001000001000
00000000000000000000000000000000
00000000000000000000001000001000
00000000000000000000000000000000
00000000000000000000001000001000
00000000000000000000000000000000
00000000000000000000001000001000
00000000000000000000000000000000
00000000000000000000001000001000
00000000000000000000000000000000
00000000000000000000001000001000
00000000000000000000000000000000
00000000000000000000001000001000
00000000000000000000000000000000
00000000000000000000001000001000
00000000000000000000000000000000
00000000000000000000001000001000
00000000000000000000000000000000
00000000000000000000001000000000
00000000000000000000000000000000
00000000000000000000001000000000
00000000000000000000000000000000
00000000000000000000001000000000
00000000000000000000000000000000
00000000000000000000001000000000
00000000000000000000000000000000
00000000000000000000001000000000
00000000000000000000000000000000
00000000000000000000001000000000
00000000000000000000000000000000
00000000000000000000001000010000
00000000000000000000000000000000
00000000000000000000001000010000
00000000000000000000000000000000
00000000000000000000001000010000
00000000000000000000000000000000
00000000000000000000001000010000
00000000000000000000000000000000
00000000000000000000001000010000
00000000000000000000000000000000
00000000000000000000001000010000
00000000000000000000000000000000
00000000000000000000001000010000
00000000000000000000000000000000
00000000000000000000001000010000
00000000000000000000000000000000
00000000000000000000001000010000
00000000000000000000000000000000
00000000000000000000001000010000
00000000000000000000000000000000
00000000000000000000001000010000
00000000000000000000000000000000
00000000000000000000001000010000
00000000000000000000000000000000
00000000000000000000001000010000
00000000000000000000000000000000
00000000000000000000001000010000
00000000000000000000000000000000
00000000000000000000001000000000
00000000000000000000000000000000
00000000000000000000001000000000
00000000000000000000000000000000
00000000000000000000001000000000
00000000000000000000000000000000
00000000000000000000001000000000
00000000000000000000000000000000
00000000000000000000001000000000
00000000000000000000000000000000
00000000000000000000001000000000
00000000000000000000000000000000
00000000000000000000001000100000
00000000000000000000000000000000
00000000000000000000001000100000
00000000000000000000000000000000
00000000000000000000001000100000
00000000000000000000000000000000
00000000000000000000001000100000
00000000000000000000000000000000
00000000000000000000001000100000
00000000000000000000000000000000
00000000000000000000001000100000
00000000000000000000000000000000
00000000000000000000001000100000
00000000000000000000000000000000
00000000000000000000001000100000
00000000000000000000000000000000
00000000000000000000001000100000
00000000000000000000000000000000
00000000000000000000001000100000
00000000000000000000000000000000
00000000000000000000001000100000
00000000000000000000000000000000
00000000000000000000001000100000
00000000000000000000000000000000
00000000000000000000001000100000
00000000000000000000000000000000
00000000000000000000001000100000
00000000000000000000000000000000
00000000000000000000001000000000
00000000000000000000000000000000
00000000000000000000001000000000
00000000000000000000000000000000
00000000000000000000001000000000
00000000000000000000000000000000
00000000000000000000001000000000
00000000000000000000000000000000
00000000000000000000001000000000
00000000000000000000000000000000
00000000000000000000001000000000
00000000000000000000000000000000
00000000000000000000001001000000
00000000000000000000000000000000
00000000000000000000001001000000
00000000000000000000000000000000
00000000000000000000001001000000
00000000000000000000000000000000
00000000000000000000001001000000
00000000000000000000000000000000
00000000000000000000001001000000
00000000000000000000000000000000
00000000000000000000001001000000
00000000000000000000000000000000
00000000000000000000001001000000
00000000000000000000000000000000
00000000000000000000001001000000
00000000000000000000000000000000
00000000000000000000001001000000
00000000000000000000000000000000
00000000000000000000001001000000
00000000000000000000000000000000
00000000000000000000001001000000
00000000000000000000000000000000
00000000000000000000001001000000
00000000000000000000000000000000
00000000000000000000001001000000
00000000000000000000000000000000
00000000000000000000001001000000
00000000000000000000000000000000
00000000000000000000001000000000
00000000000000000000000000000000
00000000000000000000001000000000
00000000000000000000000000000000
00000000000000000000001000000000
00000000000000000000000000000000
00000000000000000000001000000000
00000000000000000000000000000000
00000000000000000000001000000000
00000000000000000000000000000000
00000000000000000000001000000000
00000000000000000000000000000000
00000000000000000000001010000000
00000000000000000000000000000000
00000000000000000000001010000000
00000000000000000000000000000000
00000000000000000000001010000000
00000000000000000000000000000000
00000000000000000000001010000000
00000000000000000000000000000000
00000000000000000000001010000000
00000000000000000000000000000000
00000000000000000000001010000000
00000000000000000000000000000000
00000000000000000000001010000000
00000000000000000000000000000000
00000000000000000000001010000000
00000000000000000000000000000000
00000000000000000000001010000000
00000000000000000000000000000000
00000000000000000000001010000000
00000000000000000000000000000000
00000000000000000000001010000000
00000000000000000000000000000000
00000000000000000000001010000000
00000000000000000000000000000000
00000000000000000000001010000000
00000000000000000000000000000000
00000000000000000000001010000000
00000000000000000000000000000000
00000000000000000000001000000000
00000000000000000000000000000000
00000000000000000000001000000000
00000000000000000000000000000000
00000000000000000000001000000000
00000000000000000000000000000000
00000000000000000000001000000000
00000000000000000000000000000000
00000000000000000000001000000000
00000000000000000000000000000000
00000000000000000000001000000000
00000000000000000000000000000000
00000000000000000000001100000000
00000000000000000000000000000000
00000000000000000000001100000000
00000000000000000000000000000000
00000000000000000000001100000000
00000000000000000000000000000000
00000000000000000000001100000000
00000000000000000000000000000000
00000000000000000000001100000000
00000000000000000000000000000000
00000000000000000000001100000000
00000000000000000000000000000000
00000000000000000000001100000000
00000000000000000000000000000000
00000000000000000000001100000000
00000000000000000000000000000000
00000000000000000000001100000000
00000000000000000000000000000000
00000000000000000000001100000000
00000000000000000000000000000000
00000000000000000000001100000000
00000000000000000000000000000000
00000000000000000000001100000000
00000000000000000000000000000000
00000000000000000000001100000000
00000000000000000000000000000000
00000000000000000000001100000000
00000000000000000000000000000000
00000000000000000000000000000000
00000000000000000000000000000000
00000000000000000000000000000000
00000000000000000000000000000000
00000000000000000000000000000000
00000000000000000000000000000000
00000000000000000000000000000000
00000000000000000000000000000000
00000000000000000000000000000000
00000000000000000000000000000000
00000000000000000000000000000000
00000000000000000000000000000000
00000000000000000000010000000001
00000000000000000000000000000000
00000000000000000000010000000001
00000000000000000000000000000000
00000000000000000000010000000001
00000000000000000000000000000000
00000000000000000000010000000001
00000000000000000000000000000000
00000000000000000000010000000001
00000000000000000000000000000000
00000000000000000000010000000001
00000000000000000000000000000000
00000000000000000000010000000001
00000000000000000000000000000000
00000000000000000000010000000001
00000000000000000000000000000000
00000000000000000000010000000001
00000000000000000000000000000000
00000000000000000000010000000001
00000000000000000000000000000000
00000000000000000000010000000001
00000000000000000000000000000000
00000000000000000000010000000001
00000000000000000000000000000000
00000000000000000000010000000001
00000000000000000000000000000000
00000000000000000000010000000001
00000000000000000000000000000000
00000000000000000000010000000000
00000000000000000000000000000000
00000000000000000000010000000000
00000000000000000000000000000000
