0
0
0
0
0
0
0
0
0
0
0
0
0
0
0
0
0
0
0
0
0
0
0
0
0
0
0
0
0
0
0
0
0
0
0
0
0
0
0
0
0
0
0
0
0
0
0
0
0
0
0
0
0
0
0
0
513
0
513
0
513
0
513
0
513
0
513
0
513
0
513
0
513
0
513
0
513
0
513
0
513
0
513
0
512
0
512
0
512
0
512
0
512
0
512
0
514
0
514
0
514
0
514
0
514
0
514
0
514
0
514
0
514
0
514
0
514
0
514
0
514
0
514
0
512
0
512
0
512
0
512
0
512
0
512
0
516
0
516
0
516
0
516
0
516
0
516
0
516
0
516
0
516
0
516
0
516
0
516
0
516
0
516
0
512
0
512
0
512
0
512
0
512
0
512
0
520
0
520
0
520
0
520
0
520
0
520
0
520
0
520
0
520
0
520
0
520
0
520
0
520
0
520
0
512
0
512
0
512
0
512
0
512
0
512
0
528
0
528
0
528
0
528
0
528
0
528
0
528
0
528
0
528
0
528
0
528
0
528
0
528
0
528
0
512
0
512
0
512
0
512
0
512
0
512
0
544
0
544
0
544
0
544
0
544
0
544
0
544
0
544
0
544
0
544
0
544
0
544
0
544
0
544
0
512
0
512
0
512
0
512
0
512
0
512
0
576
0
576
0
576
0
576
0
576
0
576
0
576
0
576
0
576
0
576
0
576
0
576
0
576
0
576
0
512
0
512
0
512
0
512
0
512
0
512
0
640
0
640
0
640
0
640
0
640
0
640
0
640
0
640
0
640
0
640
0
640
0
640
0
640
0
640
0
512
0
512
0
512
0
512
0
512
0
512
0
768
0
768
0
768
0
768
0
768
0
768
0
768
0
768
0
768
0
768
0
768
0
768
0
768
0
768
0
0
0
0
0
0
0
0
0
0
0
0
0
1025
0
1025
0
1025
0
1025
0
1025
0
1025
0
1025
0
1025
0
1025
0
1025
0
1025
0
1025
0
1025
0
1025
0
1024
0
1024
0
1024
0
1024
0
1024
0
1024
0
1026
0
1026
0
1026
0
1026
0
1026
0
1026
0
1026
0
1026
0
1026
0
1026
0
1026
0
1026
0
1026
0
1026
0
1024
0
1024
0
1024
0
1024
0
1024
0
1024
0
1028
0
1028
0
1028
0
1028
0
1028
0
1028
0
1028
0
1028
0
1028
0
1028
0
1028
0
1028
0
1028
0
1028
0
1024
0
1024
0
1024
0
1024
0
1024
0
1024
0
1032
0
1032
0
1032
0
1032
0
1032
0
1032
0
1032
0
1032
0
1032
0
1032
0
1032
0
1032
0
1032
0
1032
0
1024
0
1024
0
1024
0
1024
0
1024
0
1024
0
1040
0
1040
0
1040
0
1040
0
1040
0
1040
0
1040
0
1040
0
1040
0
1040
0
1040
0
1040
0
1040
0
1040
0
1024
0
1024
0
1024
0
1024
0
1024
0
1024
0
1056
0
1056
0
1056
0
1056
0
1056
0
1056
0
1056
0
1056
0
1056
0
1056
0
1056
0
1056
0
1056
0
1056
0
1024
0
1024
0
1024
0
1024
0
1024
0
1024
0
1088
0
1088
0
1088
0
1088
0
1088
0
1088
0
1088
0
1088
0
1088
0
1088
0
1088
0
1088
0
1088
0
1088
0
1024
0
1024
0
1024
0
1024
0
1024
0
1024
0
1152
0
1152
0
1152
0
1152
0
1152
0
1152
0
1152
0
1152
0
1152
0
1152
0
1152
0
1152
0
1152
0
1152
0
1024
0
1024
0
1024
0
1024
0
1024
0
1024
0
1280
0
1280
0
1280
0
1280
0
1280
0
1280
0
1280
0
1280
0
1280
0
1280
0
1280
0
1280
0
1280
0
1280
0
0
0
0
0
0
0
0
0
0
0
0
0
2049
0
2049
0
2049
0
2049
0
2049
0
2049
0
2049
0
2049
0
2049
0
2049
0
2049
0
2049
0
2049
0
2049
0
2048
0
2048
0
2048
0
2048
0
2048
0
2048
0
2050
0
2050
0
2050
0
2050
0
2050
0
2050
0
2050
0
2050
0
2050
0
2050
0
2050
0
2050
0
2050
0
2050
0
2048
0
2048
0
2048
0
2048
0
2048
0
2048
0
2052
0
2052
0
2052
0
2052
0
2052
0
2052
0
2052
0
2052
0
2052
0
2052
0
2052
0
2052
0
2052
0
2052
0
2048
0
2048
0
2048
0
2048
0
2048
0
2048
0
2056
0
2056
0
2056
0
2056
0
2056
0
2056
0
2056
0
2056
0
2056
0
2056
0
2056
0
2056
0
2056
0
2056
0
2048
0
2048
0
2048
0
2048
0
2048
0
2048
0
2064
0
2064
0
2064
0
2064
0
2064
0
2064
0
2064
0
2064
0
2064
0
2064
0
2064
0
2064
0
2064
0
2064
0
2048
0
2048
0
2048
0
2048
0
2048
0
2048
0
2080
0
2080
0
2080
0
2080
0
2080
0
2080
0
2080
0
2080
0
2080
0
2080
0
2080
0
2080
0
2080
0
2080
0
2048
0
2048
0
2048
0
2048
0
2048
0
2048
0
2112
0
2112
0
2112
0
2112
0
2112
0
2112
0
2112
0
2112
0
2112
0
2112
0
2112
0
2112
0
2112
0
2112
0
2048
0
2048
0
2048
0
2048
0
2048
0
2048
0
2176
0
2176
0
2176
0
2176
0
2176
0
2176
0
2176
0
2176
0
2176
0
2176
0
2176
0
2176
0
2176
0
2176
0
2048
0
2048
0
2048
0
2048
0
2048
0
2048
0
2304
0
2304
0
2304
0
2304
0
2304
0
2304
0
2304
0
2304
0
2304
0
2304
0
2304
0
2304
0
2304
0
2304
0
0
0
0
0
0
0
0
0
0
0
0
0
4097
0
4097
0
4097
0
4097
0
4097
0
4097
0
4097
0
4097
0
4097
0
4097
0
4097
0
4097
0
4097
0
4097
0
4096
0
4096
0
4096
0
4096
0
4096
0
4096
0
4098
0
4098
0
4098
0
4098
0
4098
0
4098
0
4098
0
4098
0
4098
0
4098
0
4098
0
4098
0
4098
0
4098
0
4096
0
4096
0
4096
0
4096
0
4096
0
4096
0
4100
0
4100
0
4100
0
4100
0
4100
0
4100
0
4100
0
4100
0
4100
0
4100
0
4100
0
4100
0
4100
0
4100
0
4096
0
4096
0
4096
0
4096
0
4096
0
4096
0
4104
0
4104
0
4104
0
4104
0
4104
0
4104
0
4104
0
4104
0
4104
0
4104
0
4104
0
4104
0
4104
0
4104
0
4096
0
4096
0
4096
0
4096
0
4096
0
4096
0
4112
0
4112
0
4112
0
4112
0
4112
0
4112
0
4112
0
4112
0
4112
0
4112
0
4112
0
4112
0
4112
0
4112
0
4096
0
4096
0
4096
0
4096
0
4096
0
4096
0
4128
0
4128
0
4128
0
4128
0
4128
0
4128
0
4128
0
4128
0
4128
0
4128
0
4128
0
4128
0
4128
0
4128
0
4096
0
4096
0
4096
0
4096
0
4096
0
4096
0
4160
0
4160
0
4160
0
4160
0
4160
0
4160
0
4160
0
4160
0
4160
0
4160
0
4160
0
4160
0
4160
0
4160
0
4096
0
4096
0
4096
0
4096
0
4096
0
4096
0
4224
0
4224
0
4224
0
4224
0
4224
0
4224
0
4224
0
4224
0
4224
0
4224
0
4224
0
4224
0
4224
0
4224
0
4096
0
4096
0
4096
0
4096
0
4096
0
4096
0
4352
0
4352
0
4352
0
4352
0
4352
0
4352
0
4352
0
4352
0
4352
0
4352
0
4352
0
4352
0
4352
0
4352
0
0
0
0
0
0
0
0
0
0
0
0
0
0
0
0
0
0
0
0
0
0
0
0
0
0
0
0
0
0
0
0
0
0
0
0
0
0
0
0
0
0
0
0
0
0
0
0
0
0
0
0
0
0
0
0
0
0
0
0
0
0
0
0
0
0
0
0
0
0
0
0
0
0
0
0
0
0
0
0
0
0
0
0
0
0
0
0
0
0
0
0
0
0
0
0
0
0
0
0
0
0
0
0
0
0
0
0
0
0
0
0
0
0
0
0
0
0
0
0
0
0
0
0
0
0
0
0
0
0
0
0
0
0
0
0
0
0
0
0
0
0
0
0
0
0
0
0
0
0
0
0
0
0
0
0
0
0
0
0
0
0
0
0
0
0
0
0
0
0
0
0
0
513
0
513
0
513
0
513
0
513
0
513
0
513
0
513
0
513
0
513
0
513
0
513
0
513
0
513
0
512
0
512
0
512
0
512
0
512
0
512
0
514
0
514
0
514
0
514
0
514
0
514
0
514
0
514
0
514
0
514
0
514
0
514
0
514
0
514
0
512
0
512
0
512
0
512
0
512
0
512
0
516
0
516
0
516
0
516
0
516
0
516
0
516
0
516
0
516
0
516
0
516
0
516
0
516
0
516
0
512
0
512
0
512
0
512
0
512
0
512
0
520
0
520
0
520
0
520
0
520
0
520
0
520
0
520
0
520
0
520
0
520
0
520
0
520
0
520
0
512
0
512
0
512
0
512
0
512
0
512
0
528
0
528
0
528
0
528
0
528
0
528
0
528
0
528
0
528
0
528
0
528
0
528
0
528
0
528
0
512
0
512
0
512
0
512
0
512
0
512
0
544
0
544
0
544
0
544
0
544
0
544
0
544
0
544
0
544
0
544
0
544
0
544
0
544
0
544
0
512
0
512
0
512
0
512
0
512
0
512
0
576
0
576
0
576
0
576
0
576
0
576
0
576
0
576
0
576
0
576
0
576
0
576
0
576
0
576
0
512
0
512
0
512
0
512
0
512
0
512
0
640
0
640
0
640
0
640
0
640
0
640
0
640
0
640
0
640
0
640
0
640
0
640
0
640
0
640
0
512
0
512
0
512
0
512
0
512
0
512
0
768
0
768
0
768
0
768
0
768
0
768
0
768
0
768
0
768
0
768
0
768
0
768
0
768
0
768
0
0
0
0
0
0
0
0
0
0
0
0
0
1025
0
1025
0
1025
0
1025
0
1025
0
1025
0
1025
0
1025
0
1025
0
1025
0
1025
0
1025
0
1025
0
1025
0
1024
0
1024
0
